 50
 0.14260
 0.22063
-0.093605
-0.95317
 0.13460
 0.42248
 0.20962
 0.18707
-1.6211
 0.99078
 0.43547
 0.45942
 0.46022
 0.32792
 0.29706
 0.38806
 0.16484
 0.81269
 0.020017
 0.30250
 0.28705
 0.065265
 0.10486
 0.10425
 0.020809
 0.19072
 0.47674
-0.12040
 0.31104
 1.2967
 0.23839
-0.24437
-1.5983
-1.6863
-0.72573
 0.55735
 1.2986
 0.034869
 0.58906
 0.36751
 0.15822
-0.30577
-3.0781
 0.29816
-4.4916
 0.57927
-0.061516
 0.50283
 0.54269
 0.97958
 0.77963
 0.094793
-0.59271
-1.2168
 0.17498
 0.47935
 0.61670
 0.49420
 1.0432
-0.087343
-1.5309
 0.92506
 0.68008
 0.72972
 0.49092
 0.47524
 0.087383
 0.51441
 0.54882
 0.91736
-0.88519
 0.15876
-0.46488
-0.20754
 0.18257
-0.32245
 1.1741
-0.43737
 0.054716
 0.23790
 0.26893
-0.27269
-1.4981
-1.4857
-1.2459
-0.063435
 1.6640
 0.40824
 1.1067
 0.85030
-0.30644
-2.1996
-1.4968
-0.18021
-3.2383
 0.69417
-1.5045
 0.71619
 1.0986
 1.5699
