 50
-0.16918
 0.18845
 0.066940
-0.94080
-0.25210
 0.060923
 0.073547
-0.18297
-1.3211
 1.7050
 0.057603
 0.30255
 0.43571
 0.24476
 0.023277
 0.21853
-0.12661
 1.1531
-0.33555
 0.052718
 0.031966
-0.31475
-0.34294
-0.27196
-0.36542
-0.16468
 0.34745
-0.60623
-0.031025
 3.7593
 0.10089
-0.67468
-1.3923
-1.4244
-1.0794
 0.56681
 2.9623
-0.34734
 0.47862
 0.13097
-0.17769
-0.80134
-1.7945
 0.018672
-2.2238
 0.42862
-0.14643
 0.39995
 0.25400
 1.4245
 0.92020
 0.14482
-0.068574
-0.95509
-0.43338
-0.0070699
 0.64835
 0.18481
 1.1469
 0.13508
-0.58402
 0.71304
 0.45583
 0.55530
 0.22471
 0.065324
-0.10412
 0.41932
 0.14299
 0.73102
-1.2131
-0.14106
-0.81957
-0.72967
-0.21203
-0.55320
 1.2095
-0.69014
-0.45325
 1.2061
 0.0064634
-0.48037
-1.4279
-1.4311
-1.1420
 0.016336
 3.3074
 0.080187
 1.4011
 0.70392
-0.57731
-1.7841
-1.1307
-0.36313
-2.1945
 0.42090
-0.98847
 0.39159
 0.89633
 2.3563
