 50
-0.11373
-0.010543
-0.39096
-1.1179
-0.12395
 0.29094
-0.025505
-0.055717
-1.5155
 1.6066
 0.31234
 0.35250
 0.35386
 0.14289
 0.097269
 0.23552
-0.084975
 1.0861
-0.26359
 0.10523
 0.082740
-0.20989
-0.16137
-0.16214
-0.26267
-0.050868
 0.38215
-0.41955
 0.11778
 3.0036
 0.013896
-0.54550
-1.5034
-1.5496
-0.95609
 0.52731
 3.0155
-0.24616
 0.58792
 0.20329
-0.093591
-0.60431
-2.1635
 0.098873
-2.6957
 0.56899
-0.35601
 0.42781
 0.49999
 1.5695
 0.76049
-0.071958
-0.71038
-1.1910
 0.013104
 0.36306
 0.53748
 0.38137
 1.1664
-0.25580
-1.4097
 0.97679
 0.62201
 0.69016
 0.37732
 0.35802
-0.079685
 0.40650
 0.44984
 0.96487
-0.94459
-0.0043250
-0.60202
-0.37071
 0.021290
-0.47633
 1.3936
-0.57816
-0.11349
 0.081784
 0.11631
-0.43108
-1.3874
-1.3790
-1.2118
-0.23236
 2.4648
 0.27709
 1.2743
 0.86339
-0.46185
-1.8425
-1.3866
-0.34500
-2.4798
 0.64117
-1.3918
 0.67141
 1.2602
 2.2247
