 50
 0.32471
 0.33290
-0.34400
-0.35077
 0.34727
 0.45600
 0.33770
-0.23150
-1.3705
 0.77062
 0.83723
 0.57144
 0.49463
 0.41625
 0.51586
 0.49039
 0.34418
 0.71762
 0.28558
 0.52416
 0.47136
 0.33494
-1.0338
 0.34465
 0.29599
 0.20195
 0.37338
 0.13531
 0.28965
 1.0915
 0.27953
-0.32847
-1.2012
-0.81998
-0.41526
 0.42798
 1.2049
 0.14008
 0.45583
 0.39165
-0.23383
-1.5484
-3.2273
 0.36892
-4.4722
 0.66020
-0.27695
 0.59624
-0.75862
 0.78218
 0.50495
 0.24018
-0.85363
-1.1440
 0.65177
 0.61364
 0.47736
 0.33295
 0.83955
-0.61492
-1.4891
 0.93543
 0.78017
 0.85139
 0.74171
 0.74055
 0.29996
 0.52457
 0.68315
 0.97200
 0.14686
 0.28656
-1.0186
 0.33278
 0.48948
 0.0098062
 1.0160
-0.35842
 0.40224
-0.58786
 0.43260
-0.14967
-1.1931
-1.6285
-0.86066
-0.17747
 0.87379
 0.49232
 0.77595
 0.91859
-0.38813
-3.0547
-1.5927
 0.10867
-3.0450
 0.71442
-1.5548
 0.86667
 0.59724
 1.0579
