 50
 0.20282
 0.21599
-0.65774
-0.66480
 0.23933
 0.42490
 0.22376
-0.53652
-1.5164
 1.0762
 1.2429
 0.64169
 0.49499
 0.35511
 0.53454
 0.48718
 0.23428
 0.95192
 0.14098
 0.55020
 0.45249
 0.21929
-1.2727
 0.23505
 0.15725
 0.014790
 0.28241
-0.080465
 0.14733
 2.0196
 0.13159
-0.64144
-1.3974
-1.1016
-0.73084
 0.37547
 2.4661
-0.073789
 0.42460
 0.31308
-0.53910
-1.6346
-2.5409
 0.27498
-3.1268
 0.82473
-0.58639
 0.69129
-1.0496
 1.1043
 0.44352
 0.087867
-1.0081
-1.2374
 0.66510
 0.60562
 0.40398
 0.20677
 0.98048
-0.80478
-1.4898
 1.1581
 0.87641
 1.0018
 0.81123
 0.80928
 0.16383
 0.47201
 0.71512
 1.2293
-0.026291
 0.14660
-1.1405
 0.20654
 0.42127
-0.18501
 1.3176
-0.56791
 0.29944
-0.78076
 0.34117
-0.35793
-1.2746
-1.5868
-1.0138
-0.38691
 1.0425
 0.42534
 0.86918
 1.1260
-0.59646
-2.4930
-1.5621
-0.071533
-2.4870
 0.76598
-1.5358
 1.0295
 0.58048
 1.4045
