 50
 0.26508
 0.27777
-0.63043
-0.63827
 0.30016
 0.47448
 0.28523
-0.49695
-1.6177
 1.0340
 1.1643
 0.66974
 0.53860
 0.40970
 0.57437
 0.53150
 0.29532
 0.93346
 0.20511
 0.58844
 0.49984
 0.28094
-1.3332
 0.29606
 0.22096
 0.080497
 0.34121
-0.015512
 0.21130
 1.7067
 0.19594
-0.61236
-1.4788
-1.1343
-0.71190
 0.42870
 1.9743
-0.0087291
 0.47420
 0.37023
-0.49978
-1.7556
-2.7496
 0.33416
-3.2503
 0.82756
-0.55162
 0.71314
-1.0744
 1.0563
 0.46316
 0.10598
-1.0364
-1.2731
 0.67929
 0.62181
 0.42404
 0.22667
 0.97712
-0.82397
-1.5275
 1.1394
 0.88018
 0.99677
 0.81878
 0.81694
 0.18322
 0.49124
 0.72732
 1.2033
-0.010937
 0.16574
-1.1736
 0.22643
 0.44117
-0.17494
 1.2816
-0.57527
 0.31987
-0.79878
 0.36158
-0.35513
-1.3110
-1.6230
-1.0424
-0.38545
 1.0342
 0.44519
 0.87340
 1.1104
-0.60526
-2.4133
-1.5988
-0.057525
-2.4089
 0.77586
-1.5730
 1.0223
 0.59739
 1.3576
