 50
-0.052861
 0.36456
 0.22855
-1.1146
-0.15699
 0.22166
 0.23610
-0.069990
-1.6840
 1.6126
 0.21785
 0.48685
 0.62305
 0.42557
 0.17821
 0.39731
  -4.6409e-04
 1.2446
-0.26451
 0.21224
 0.18829
-0.23746
-0.27417
-0.18234
-0.30365
-0.047282
 0.53356
-0.63090
 0.11454
 2.4443
 0.26716
-0.72746
-1.7897
-1.8371
-1.3215
 0.75043
 2.1972
-0.27992
 0.66546
 0.30096
-0.063423
-0.90965
-2.3551
 0.17286
-2.8309
 0.61597
-0.024771
 0.58716
 0.43546
 1.4361
 0.97753
 0.16490
-0.064778
-1.0062
-0.45764
 0.0015226
 0.69816
 0.20779
 1.2044
 0.15444
-0.61849
 0.76529
 0.49629
 0.60096
 0.25051
 0.079471
-0.10312
 0.45768
 0.16294
 0.78388
-1.2644
-0.14297
-0.86640
-0.77242
-0.21951
-0.58570
 1.2661
-0.73084
-0.47893
 1.2628
 0.016103
-0.50795
-1.4692
-1.4722
-1.1944
 0.026737
 3.0198
 0.095459
 1.4516
 0.75584
-0.61135
-1.7820
-1.1833
-0.38223
-2.0889
 0.45935
-1.0402
 0.42830
 0.95329
 2.3019
