 50
 0.13674
 0.11561
-0.79267
-0.93532
 0.25664
 0.66158
 0.087907
-0.63655
-1.8148
 1.1945
 0.83396
 0.57122
 0.44478
 0.27098
 0.43292
 0.41549
 0.21694
 0.96526
 0.061725
 0.40529
 0.34476
 0.14127
-0.53552
 0.16825
 0.068800
 0.13896
 0.30002
-0.11782
 0.43049
 1.8897
 0.11236
-0.38393
-1.5317
-1.3555
-0.49602
 0.38729
 2.1000
 0.012308
 0.65254
 0.35592
-0.090485
-0.78097
-2.9150
 0.29945
-3.4184
 0.85852
-0.55920
 0.62181
-0.93024
 1.3401
 0.52180
-0.020209
-1.1751
-1.3400
 0.58736
 0.78311
 0.34055
 0.099950
 1.0385
-0.74925
-1.8108
 1.1093
 0.79598
 0.89334
 0.65658
 0.70246
 0.094659
 0.44096
 0.69371
 1.1354
-0.26961
 0.12070
-0.61493
 0.10698
 0.31126
-0.26184
 1.3559
-0.58616
 0.37520
-0.67144
 0.31433
-0.29841
-1.2777
-1.4886
-1.0564
-0.45204
 1.3008
 0.50909
 1.0046
 1.0377
-0.36828
-2.1035
-1.6396
-0.16083
-2.5290
 0.81463
-1.6367
 0.94973
 0.79265
 1.6233
