 50
 0.13533
 0.42066
 0.33243
-0.84730
 0.056928
 0.32784
 0.33744
 0.12265
-1.6123
 1.0680
 0.32530
 0.49645
 0.57717
 0.45887
 0.29866
 0.44127
 0.17362
 0.90287
-0.027435
 0.32156
 0.30547
-0.0058770
-0.035193
 0.037358
-0.059049
 0.13944
 0.52455
-0.34414
 0.25505
 1.3835
 0.35791
-0.43606
-1.7818
-1.8610
-1.0999
 0.64937
 1.2971
-0.039823
 0.60155
 0.37994
 0.12752
-0.62054
-2.8948
 0.29503
-4.2271
 0.57307
 0.15595
 0.55626
 0.46499
 0.99109
 0.95763
 0.31774
 0.10359
-0.99193
-0.30598
 0.16717
 0.75590
 0.35590
 1.1095
 0.30835
-0.49185
 0.80596
 0.59886
 0.68154
 0.39335
 0.24007
 0.066144
 0.56767
 0.31598
 0.81964
-1.3732
 0.026672
-0.80243
-0.68103
-0.050746
-0.45302
 1.1491
-0.62878
-0.32994
 1.1469
 0.18096
-0.36289
-1.7084
-1.7136
-1.2655
 0.19097
 2.0409
 0.25478
 1.2640
 0.79898
-0.48336
-2.2878
-1.2487
-0.22270
-2.9530
 0.56902
-1.0398
 0.54366
 0.94080
 1.7229
