 50
 0.23135
 0.21738
-0.47798
-0.60713
 0.30904
 0.55265
 0.19893
-0.34360
-1.5704
 0.83511
 0.64840
 0.50064
 0.42566
 0.31814
 0.41849
 0.40791
 0.28361
 0.71844
 0.18135
 0.40169
 0.36444
 0.23434
-0.26027
 0.25203
 0.18611
 0.23282
 0.33648
 0.057027
 0.41702
 1.1508
 0.21522
-0.14026
-1.2245
-1.0277
-0.22843
 0.39068
 1.2365
 0.14780
 0.54751
 0.37135
 0.076393
-0.46766
-3.4079
 0.33612
-4.6610
 0.66168
-0.27955
 0.52992
-0.60242
 0.90577
 0.54983
 0.13202
-1.0436
-1.2548
 0.59601
 0.72894
 0.41752
 0.23060
 0.89195
-0.55488
-1.9397
 0.93521
 0.73743
 0.80068
 0.64385
 0.67505
 0.22633
 0.49167
 0.66913
 0.95091
-0.084775
 0.24725
-0.41546
 0.23625
 0.39547
-0.077762
 1.0797
-0.38643
 0.44335
-0.47333
 0.39779
-0.11094
-1.1735
-1.4570
-0.89968
-0.25475
 1.0482
 0.54077
 0.87092
 0.89142
-0.17544
-2.4399
-1.6752
 0.011887
-3.2999
 0.74967
-1.6709
 0.83656
 0.73523
 1.2264
