 50
 0.10554
 0.39684
-0.99190
-1.3471
 0.32298
 0.56103
 0.070992
-0.14864
-1.8117
 0.96664
-0.65001
 1.0388
 0.86605
 0.60624
 0.80276
 0.93705
 0.078357
 1.2899
 0.20702
 0.92081
 0.76777
 0.10673
-0.49566
 0.34705
-0.039168
 0.12744
 0.48125
-0.42269
 0.51062
 1.1800
 0.62345
-0.91666
-1.6914
-1.7905
-1.1169
 0.16524
 1.5462
 0.24834
 0.52966
 0.43741
-0.033481
-1.3490
-2.4010
 0.21601
-2.8267
 0.69965
-0.84613
 1.1334
-0.66510
 1.2528
 1.4351
 0.81835
-0.70553
-0.86693
-0.60321
 0.40937
 0.75553
 0.44037
 2.6620
-1.2099
-1.0795
 0.88160
 0.080816
 0.48299
 1.0711
-0.12434
-0.22305
-0.65281
 0.32278
 1.2284
-1.3657
-0.19337
-0.98125
-0.85033
-0.078188
-0.62833
 0.86160
-0.56253
-0.56737
-1.2586
 0.054087
-0.0083427
-0.95735
-1.1300
-0.80512
-0.12031
 1.4171
 0.74565
 1.9950
 1.4009
-0.41154
-1.7037
 0.10219
-0.33326
-1.1720
-0.26936
-1.5267
 0.38874
 1.0431
 1.7921
