 50
 0.21416
 0.60454
-0.075868
-1.0575
-0.15811
-0.044819
 0.34235
 0.13969
-1.5694
 0.93810
-1.3984
 0.99541
 1.0264
 0.63013
 0.55430
 0.96414
-0.27318
 1.6215
-0.012548
 0.74816
 0.57469
-0.27572
-0.40838
-0.13546
-0.38949
-0.33593
 0.74082
-1.0740
 0.067526
 2.0791
 0.74603
-1.1512
-1.5145
-1.5573
-1.3983
 0.41125
 1.9935
-0.14044
 0.50747
 0.36752
-0.32450
-1.3851
-1.9258
-0.077230
-2.3149
 0.51198
-0.59152
 1.1387
 0.26161
 1.4103
 4.0907
 0.63093
 0.078878
-0.55964
-0.63342
 0.047477
 0.68450
-0.025377
 1.8236
-0.48053
-0.56558
-0.10571
-0.24992
 0.023849
 0.45849
-0.35821
-0.46908
-0.44587
-0.49112
 0.16169
-1.0311
-0.56164
-0.84151
-0.91361
-0.58045
-0.54975
 0.68797
-0.54822
-0.44662
-0.21129
-0.28266
-0.28171
-0.93050
-0.99605
-0.77226
 0.43886
 2.4907
 0.088798
 1.9695
 1.1231
-0.56097
-1.1336
 0.47940
-0.23537
-0.81721
-0.37361
-0.98351
-0.13920
 0.57955
 1.7174
