 50
 0.18934
 0.54398
-0.87919
-1.1624
 0.37011
 0.29664
 0.21874
-0.066008
-1.7046
 0.89626
-0.26958
 1.0879
 0.91392
 0.73490
 0.87015
 1.0221
 0.18909
 1.2521
 0.26248
 1.0104
 0.89698
 0.25954
-1.2485
 0.43963
 0.11161
 0.12629
 0.48375
-0.27970
 0.26039
 1.1121
 0.65814
-0.97390
-1.8234
-1.7558
-1.0828
 0.17990
 1.4457
 0.17103
 0.36833
 0.44763
-0.27430
-1.7710
-2.2996
 0.29254
-2.7243
 0.67244
-0.74111
 1.1958
-0.75908
 0.83527
 1.1941
 0.90236
-0.64626
-0.84819
-0.47914
 0.39366
 0.81922
 0.37177
 2.6257
-1.2303
-1.0323
 1.1645
 0.33762
 0.76846
 1.0158
 0.021029
-0.047874
-0.47949
 0.47833
 1.2853
-1.2893
-0.047321
-1.4211
-0.76185
 0.086326
-0.61026
 0.70101
-0.65817
-0.51805
-1.2435
 0.12161
-0.061456
-1.1725
-1.2071
-0.91715
-0.25169
 1.3049
 0.75744
 1.8090
 1.3184
-0.40142
-1.8341
-0.18647
-0.31473
-1.2851
-0.16653
-1.5103
 0.71689
 0.86682
 1.5616
