 50
 0.13407
 0.36188
-0.63611
-1.3265
 0.014486
 0.26773
 0.14218
 0.29813
-1.7549
 1.0346
-1.2158
 0.99122
 0.90762
 0.55472
 0.64570
 0.92758
-0.18324
 1.4792
 0.047694
 0.79151
 0.63006
-0.16412
-0.18847
 0.051732
-0.28645
-0.12853
 0.69764
-0.79256
 0.29217
 1.5269
 0.65568
-1.0841
-1.6323
-1.7376
-1.4039
 0.35244
 1.7945
 0.046322
 0.58526
 0.40992
-0.16016
-1.1679
-2.1567
 0.040933
-2.5937
 0.56391
-0.76933
 1.1063
 0.53470
 1.4956
 2.7032
 0.72651
-0.34120
-0.70724
-0.73382
 0.17478
 0.74556
 0.19564
 2.5692
-0.82810
-0.83163
 0.22625
-0.25292
 0.074113
 0.82109
-0.36213
-0.45068
-0.65727
-0.24179
 0.59489
-1.2310
-0.43592
-0.86699
-0.95637
-0.45863
-0.61521
 0.93150
-0.50964
-0.56431
-0.84946
-0.15418
-0.13156
-0.92403
-1.0455
-0.77411
 0.29782
 2.0939
 0.41477
 2.2010
 1.2865
-0.49497
-1.3556
 0.60836
-0.27610
-0.86755
-0.35374
-1.2503
-0.051696
 1.0235
 1.8851
