 50
-0.016198
 0.096142
-0.33241
-1.2470
-0.027482
 0.40728
 0.080037
 0.047326
-1.7770
 1.4819
 0.42839
 0.46768
 0.46900
 0.25768
 0.21034
 0.35200
 0.015405
 1.1084
-0.18457
 0.21864
 0.19514
-0.12353
-0.069054
-0.069914
-0.18352
 0.052593
 0.49639
-0.36619
 0.23170
 2.2242
 0.12231
-0.51739
-1.7608
-1.8225
-1.0349
 0.63345
 2.2292
-0.16468
 0.68895
 0.31946
 0.0059599
-0.58931
-2.6040
 0.21201
-3.1469
 0.67172
-0.29143
 0.54013
 0.60809
 1.4573
 0.79098
-0.063092
-0.73606
-1.2326
 0.026140
 0.38936
 0.56728
 0.40815
 1.1854
-0.25671
-1.4504
 1.0033
 0.65260
 0.72092
 0.40399
 0.38418
-0.071210
 0.43389
 0.47818
 0.99175
-0.98031
 0.0078799
-0.62213
-0.37805
 0.034711
-0.48958
 1.3980
-0.59700
-0.10675
 0.097961
 0.13398
-0.44180
-1.4285
-1.4202
-1.2535
-0.23199
 2.3136
 0.30083
 1.2871
 0.89260
-0.47429
-1.8571
-1.4277
-0.35089
-2.3694
 0.67185
-1.4328
 0.70217
 1.2739
 2.1213
