 50
 0.063621
 0.042512
-0.79756
-0.92055
 0.18515
 0.62034
 0.014969
-0.66078
-1.6547
 1.2683
 0.81927
 0.51956
 0.38223
 0.19988
 0.36956
 0.35101
 0.14457
 0.97725
-0.010927
 0.34018
 0.27644
 0.068166
-0.57089
 0.095274
-0.0039428
 0.065846
 0.22987
-0.18514
 0.36697
 2.3071
 0.039270
-0.43370
-1.4208
-1.2746
-0.53541
 0.32113
 2.6844
-0.059453
 0.61016
 0.28812
-0.15898
-0.78739
-2.6145
 0.22928
-3.1714
 0.84837
-0.59206
 0.57570
-0.91620
 1.4645
 0.50242
-0.035449
-1.1447
-1.3059
 0.56925
 0.77164
 0.31989
 0.081892
 1.0430
-0.73539
-1.7833
 1.1200
 0.78511
 0.88768
 0.64032
 0.68771
 0.076706
 0.42062
 0.67865
 1.1484
-0.27656
 0.10225
-0.60711
 0.088781
 0.29067
-0.26909
 1.3941
-0.57964
 0.35455
-0.66107
 0.29372
-0.30424
-1.2448
-1.4533
-1.0299
-0.45148
 1.3319
 0.48952
 1.0064
 1.0421
-0.37127
-2.1024
-1.6058
-0.17175
-2.6293
 0.80466
-1.6029
 0.94767
 0.78162
 1.7041
