 50
 0.0070554
-0.0083870
-0.88085
-1.2277
 0.067995
 0.51565
-0.040253
 0.14459
-1.8751
 1.3118
 0.53295
 0.46831
 0.38945
 0.18194
 0.25037
 0.32307
 0.059677
 0.99656
-0.12010
 0.24346
 0.20805
-0.029119
 0.061035
 0.023050
-0.11111
 0.11542
 0.50914
-0.18771
 0.32349
 2.0267
 0.061338
-0.41730
-1.7159
-1.7722
-0.85038
 0.54221
 2.1181
-0.081850
 0.70702
 0.34516
 0.060486
-0.39048
-2.6779
 0.25631
-3.3834
 0.68974
-0.43179
 0.52702
 0.72787
 1.4065
 0.61595
-0.11093
-1.1781
-1.3147
 0.34687
 0.62069
 0.38099
 0.27332
 1.1043
-0.57154
-1.7729
 1.0681
 0.71540
 0.81247
 0.49419
 0.55341
-0.012466
 0.43149
 0.61296
 1.0551
-0.62920
 0.053869
-0.40960
-0.097773
 0.17573
-0.37266
 1.4012
-0.58229
 0.17602
-0.40433
 0.22398
-0.33058
-1.3736
-1.4401
-1.2226
-0.34684
 1.7442
 0.40805
 1.1091
 0.95167
-0.36259
-1.7883
-1.4965
-0.26258
-2.5260
 0.75227
-1.5794
 0.83220
 1.4220
 1.8500
