 50
 0.14688
 0.13616
-0.56406
-0.90601
 0.18870
 0.47383
 0.11388
 0.24018
-1.6794
 0.90090
 0.48413
 0.44540
 0.39716
 0.26486
 0.30938
 0.35571
 0.18304
 0.74255
 0.057081
 0.30493
 0.28196
 0.12169
 0.18396
 0.15793
 0.063547
 0.22072
 0.46994
 0.0078780
 0.35598
 1.2170
 0.18417
-0.16729
-1.4701
-1.5425
-0.53600
 0.48962
 1.2536
 0.084465
 0.58502
 0.36960
 0.18359
-0.14616
-2.9960
 0.31321
-4.7009
 0.57522
-0.17879
 0.48061
 0.59678
 0.94600
 0.63105
 0.049573
-1.0892
-1.2685
 0.43008
 0.63446
 0.45643
 0.37239
 0.95967
-0.39208
-1.9447
 0.93678
 0.70156
 0.76855
 0.54202
 0.58570
 0.13591
 0.49495
 0.62890
 0.92847
-0.45220
 0.19262
-0.22926
 0.061260
 0.29390
-0.19331
 1.1398
-0.40320
 0.29413
-0.22410
 0.33299
-0.15288
-1.3487
-1.4415
-1.1466
-0.16843
 1.3318
 0.47714
 0.96274
 0.86158
-0.18358
-1.9697
-1.5221
-0.088689
-3.3906
 0.72721
-1.6439
 0.78195
 1.1519
 1.3878
