 50
 0.14688
 0.13616
-0.56406
-0.90601
 0.18870
 0.47383
 0.11388
 0.24018
-1.6794
 0.90090
 0.48413
 0.44540
 0.39716
 0.26486
 0.30938
 0.35571
 0.18304
 0.74255
 0.057081
 0.30493
 0.28196
 0.12169
 0.18396
 0.15793
 0.063547
 0.22072
 0.46994
 0.0078780
 0.35598
 1.2170
 0.18417
-0.16729
-1.4701
-1.5425
-0.53600
 0.48962
 1.2536
 0.084465
 0.58502
 0.36960
 0.18359
-0.14616
-2.9960
 0.31321
-4.7009
 0.57522
-0.17879
 0.48061
 0.59678
 0.94600
 0.41009
-0.013833
-0.98494
-1.3542
 0.48829
 0.68321
 0.25523
 0.21726
-0.017065
 0.20947
-1.8654
 0.77275
 0.67576
 0.60327
 0.56103
 0.59872
 0.16785
 0.79393
 0.42422
 0.70080
 0.37211
 0.12180
 0.18202
 0.28567
 0.26640
-0.0094886
 0.92708
-0.51256
 0.50350
 0.095541
 0.40765
-0.097067
-1.3952
-1.6311
-1.0855
 0.21088
 1.1050
 0.32402
 0.70123
 0.71417
 0.049195
-1.2833
-2.4896
 0.20071
-3.9686
 0.75830
-1.0062
 0.73014
 0.96207
 1.2347
