 50
 0.061668
 0.27825
-1.0373
-1.4314
 0.13526
 0.44990
-0.014152
 0.41625
-1.8706
 0.98278
-1.0308
 0.96648
 0.82515
 0.51342
 0.69450
 0.87522
-0.10497
 1.3364
 0.075482
 0.80982
 0.64722
-0.060560
-0.044849
 0.17414
-0.21240
 0.012319
 0.66368
-0.54848
 0.43034
 1.2447
 0.60749
-1.0132
-1.7059
-1.8507
-1.3642
 0.27807
 1.5689
 0.16691
 0.60472
 0.44571
-0.035936
-0.95334
-2.2888
 0.13411
-2.7678
 0.57150
-0.84868
 1.0692
 0.70438
 1.4401
 1.9071
 0.66160
-0.29537
-0.59463
-0.58426
 0.25492
 0.65008
 0.23642
 2.8664
-0.88169
-0.79720
-0.17356
-0.37678
 0.18333
 0.90470
-0.35362
-0.44297
-0.70388
-0.52171
 0.16893
-1.2064
-0.56418
-1.0003
-0.98214
-0.58591
-0.43644
 1.3138
-0.26319
-0.35970
-0.99086
-0.51107
-0.040625
-0.92711
-1.0103
-0.85112
 0.50319
 1.7151
 0.47005
 2.4158
 1.5825
-0.62132
-1.2766
 1.1602
-0.17658
-0.71204
-0.35690
-1.2188
-0.13169
 1.2218
 1.7331
