 50
 0.061668
 0.27825
-1.0373
-1.4314
 0.13526
 0.44990
-0.014152
 0.41625
-1.8706
 0.98278
-1.0308
 0.96648
 0.82515
 0.51342
 0.69450
 0.87522
-0.10497
 1.3364
 0.075482
 0.80982
 0.64722
-0.060560
-0.044849
 0.17414
-0.21240
 0.012319
 0.66368
-0.54848
 0.43034
 1.2447
 0.60749
-1.0132
-1.7059
-1.8507
-1.3642
 0.27807
 1.5689
 0.16691
 0.60472
 0.44571
-0.035936
-0.95334
-2.2888
 0.13411
-2.7678
 0.57150
-0.84868
 1.0692
 0.70438
 1.4401
 1.2704
 0.57701
-1.0192
-1.0541
-0.40368
 0.35219
 0.65348
 0.66290
 1.0574
-1.2852
-1.6828
 1.6652
 0.71686
 0.58614
 0.99305
 0.45045
-0.33841
 0.087822
 0.87874
 1.6258
-0.84522
 0.13260
-0.47172
-0.51656
 0.17673
-0.83743
 1.2008
-0.91267
-0.55788
-0.49569
 0.59472
-0.17332
-1.0885
-1.2134
-0.91482
-0.60997
 1.1071
 0.37527
 1.4781
 1.2088
-0.32757
-1.8793
-0.85712
-0.54696
-1.8325
-0.020383
-1.6519
 0.90229
 1.0046
 1.7776
