 50
-0.076857
-0.091752
-0.87116
-1.1572
-0.017606
 0.44391
-0.12234
 0.057973
-1.6759
 1.4245
 0.46280
 0.39267
 0.30867
 0.095294
 0.16451
 0.23926
-0.025739
 1.0057
-0.19813
 0.15747
 0.12158
-0.11167
-0.024412
-0.061379
-0.18966
 0.029043
 0.43682
-0.26140
 0.23970
 2.6004
-0.024116
-0.47058
-1.5491
-1.5939
-0.84556
 0.47294
 2.7824
-0.16197
 0.65795
 0.26223
-0.024948
-0.44657
-2.3365
 0.17056
-3.0409
 0.63815
-0.48352
 0.45632
 0.68198
 1.5600
 0.32399
-0.23118
-1.1597
-1.4383
 0.44217
 0.76462
 0.10588
 0.055313
-0.23495
 0.045070
-1.7828
 0.92834
 0.75149
 0.62717
 0.55755
 0.61956
-0.0089194
 0.96870
 0.34491
 0.79594
 0.26862
-0.067257
 0.0093263
 0.14720
 0.12096
-0.22610
 1.2386
-0.75211
 0.46583
-0.099888
 0.32038
-0.32643
-1.4675
-1.6299
-1.2386
 0.046922
 1.6508
 0.20031
 0.79671
 0.82002
-0.15641
-1.3870
-2.1592
 0.033597
-2.9702
 0.90117
-1.1766
 0.84908
 1.3146
 1.9985
