 50
 0.14688
 0.13616
-0.56406
-0.90601
 0.18870
 0.47383
 0.11388
 0.24018
-1.6794
 0.90090
 0.48413
 0.44540
 0.39716
 0.26486
 0.30938
 0.35571
 0.18304
 0.74255
 0.057081
 0.30493
 0.28196
 0.12169
 0.18396
 0.15793
 0.063547
 0.22072
 0.46994
 0.0078780
 0.35598
 1.2170
 0.18417
-0.16729
-1.4701
-1.5425
-0.53600
 0.48962
 1.2536
 0.084465
 0.58502
 0.36960
 0.18359
-0.14616
-2.9960
 0.31321
-4.7009
 0.57522
-0.17879
 0.48061
 0.59678
 0.94600
 0.92642
 0.12930
-0.95891
-1.0929
 0.22271
 0.56300
 0.63132
 0.46921
 1.5613
-0.70949
-1.5084
 0.88336
 0.52973
 0.88104
 0.59400
 0.39798
 0.12749
-0.063921
 0.64351
 1.0523
-1.4971
 0.14095
-0.64606
-0.36083
 0.24337
-0.22808
 1.3419
-0.14853
-0.053619
-1.1638
 0.044962
-0.013672
-1.2174
-1.2522
-1.1279
-0.055659
 1.3386
 0.69397
 1.2570
 1.0256
-0.33553
-2.2105
-0.53828
-0.15114
-2.6769
 0.51934
-1.7846
 0.68748
 1.3841
 1.5055
