 50
 0.0070554
-0.0083870
-0.88085
-1.2277
 0.067995
 0.51565
-0.040253
 0.14459
-1.8751
 1.3118
 0.53295
 0.46831
 0.38945
 0.18194
 0.25037
 0.32307
 0.059677
 0.99656
-0.12010
 0.24346
 0.20805
-0.029119
 0.061035
 0.023050
-0.11111
 0.11542
 0.50914
-0.18771
 0.32349
 2.0267
 0.061338
-0.41730
-1.7159
-1.7722
-0.85038
 0.54221
 2.1181
-0.081850
 0.70702
 0.34516
 0.060486
-0.39048
-2.6779
 0.25631
-3.3834
 0.68974
-0.43179
 0.52702
 0.72787
 1.4065
 0.95392
-0.021296
-1.0014
-1.1017
 0.079499
 0.47501
 0.56026
 0.36130
 1.9711
-0.80404
-1.3909
 0.89375
 0.43425
 0.89053
 0.51343
 0.27741
-0.023223
-0.22023
 0.57568
 1.1356
-1.3835
-0.0088909
-0.75157
-0.50304
 0.10222
-0.37983
 1.5894
-0.30352
-0.20994
-1.1534
-0.10967
-0.16969
-1.1918
-1.2165
-1.1274
-0.21198
 1.5840
 0.64030
 1.4509
 1.0963
-0.47995
-1.8145
-0.66014
-0.30606
-2.0587
 0.42161
-1.5664
 0.63192
 1.6602
 1.8707
