 50
-0.076857
-0.091752
-0.87116
-1.1572
-0.017606
 0.44391
-0.12234
 0.057973
-1.6759
 1.4245
 0.46280
 0.39267
 0.30867
 0.095294
 0.16451
 0.23926
-0.025739
 1.0057
-0.19813
 0.15747
 0.12158
-0.11167
-0.024412
-0.061379
-0.18966
 0.029043
 0.43682
-0.26140
 0.23970
 2.6004
-0.024116
-0.47058
-1.5491
-1.5939
-0.84556
 0.47294
 2.7824
-0.16197
 0.65795
 0.26223
-0.024948
-0.44657
-2.3365
 0.17056
-3.0409
 0.63815
-0.48352
 0.45632
 0.68198
 1.5600
 0.59310
-0.12262
-1.1447
-1.2784
 0.32367
 0.59791
 0.35749
 0.25107
 1.1016
-0.56302
-1.7425
 1.0629
 0.69442
 0.79434
 0.47039
 0.52990
-0.027628
 0.40772
 0.59008
 1.0490
-0.61795
 0.036635
-0.40866
-0.10995
 0.15533
-0.37341
 1.4268
-0.57326
 0.15561
-0.40364
 0.20258
-0.33322
-1.3364
-1.4026
-1.1881
-0.34875
 1.8213
 0.38438
 1.1068
 0.93956
-0.36379
-1.7587
-1.4590
-0.26817
-2.6301
 0.73225
-1.5427
 0.81479
 1.4500
 1.9478
