 50
 0.0070554
-0.0083870
-0.88085
-1.2277
 0.067995
 0.51565
-0.040253
 0.14459
-1.8751
 1.3118
 0.53295
 0.46831
 0.38945
 0.18194
 0.25037
 0.32307
 0.059677
 0.99656
-0.12010
 0.24346
 0.20805
-0.029119
 0.061035
 0.023050
-0.11111
 0.11542
 0.50914
-0.18771
 0.32349
 2.0267
 0.061338
-0.41730
-1.7159
-1.7722
-0.85038
 0.54221
 2.1181
-0.081850
 0.70702
 0.34516
 0.060486
-0.39048
-2.6779
 0.25631
-3.3834
 0.68974
-0.43179
 0.52702
 0.72787
 1.4065
 0.35864
-0.19983
-1.1913
-1.4914
 0.47260
 0.77377
 0.14357
 0.092864
-0.20374
 0.082557
-1.8552
 0.92099
 0.76180
 0.64718
 0.58205
 0.64010
 0.028027
 0.95669
 0.37895
 0.80223
 0.30462
-0.031267
 0.046493
 0.18477
 0.15862
-0.19457
 1.1891
-0.75101
 0.49520
-0.064596
 0.35514
-0.29901
-1.5226
-1.6952
-1.2765
 0.084422
 1.5233
 0.23742
 0.80293
 0.82402
-0.12260
-1.4364
-2.2339
 0.070997
-2.9258
 0.89683
-1.2095
 0.85020
 1.2526
 1.7858
