 50
-0.076857
-0.091752
-0.87116
-1.1572
-0.017606
 0.44391
-0.12234
 0.057973
-1.6759
 1.4245
 0.46280
 0.39267
 0.30867
 0.095294
 0.16451
 0.23926
-0.025739
 1.0057
-0.19813
 0.15747
 0.12158
-0.11167
-0.024412
-0.061379
-0.18966
 0.029043
 0.43682
-0.26140
 0.23970
 2.6004
-0.024116
-0.47058
-1.5491
-1.5939
-0.84556
 0.47294
 2.7824
-0.16197
 0.65795
 0.26223
-0.024948
-0.44657
-2.3365
 0.17056
-3.0409
 0.63815
-0.48352
 0.45632
 0.68198
 1.5600
 0.93406
-0.014962
-0.97599
-1.0789
 0.082064
 0.46400
 0.54687
 0.35384
 1.9934
-0.77733
-1.3845
 0.87431
 0.42446
 0.87111
 0.50132
 0.27279
-0.016818
-0.20666
 0.56190
 1.1160
-1.3764
-0.0030210
-0.72515
-0.48085
 0.10394
-0.36103
 1.5830
-0.28713
-0.19672
-1.1324
-0.10006
-0.15790
-1.1725
-1.1983
-1.1054
-0.19869
 1.5774
 0.62495
 1.4383
 1.0765
-0.45834
-1.8709
-0.63478
-0.28958
-2.1873
 0.41222
-1.5790
 0.61677
 1.6577
 1.8836
