 50
 0.061668
 0.27825
-1.0373
-1.4314
 0.13526
 0.44990
-0.014152
 0.41625
-1.8706
 0.98278
-1.0308
 0.96648
 0.82515
 0.51342
 0.69450
 0.87522
-0.10497
 1.3364
 0.075482
 0.80982
 0.64722
-0.060560
-0.044849
 0.17414
-0.21240
 0.012319
 0.66368
-0.54848
 0.43034
 1.2447
 0.60749
-1.0132
-1.7059
-1.8507
-1.3642
 0.27807
 1.5689
 0.16691
 0.60472
 0.44571
-0.035936
-0.95334
-2.2888
 0.13411
-2.7678
 0.57150
-0.84868
 1.0692
 0.70438
 1.4401
 1.8770
 0.76714
-0.64619
-0.81955
-0.72770
 0.30011
 0.71478
 0.43214
 2.6328
-1.0744
-1.0045
 0.53734
-0.14350
 0.22346
 1.0010
-0.27474
-0.37373
-0.71563
 0.028285
 0.96232
-1.3497
-0.30134
-0.82212
-0.93213
-0.29773
-0.65025
 1.0801
-0.49506
-0.61881
-1.1372
-0.029381
-0.034667
-0.90263
-1.0742
-0.77675
 0.082189
 1.6951
 0.62413
 2.1656
 1.3411
-0.45197
-1.5137
 0.53329
-0.30137
-0.98066
-0.34069
-1.4245
 0.11774
 1.2425
 1.8566
