 50
 77.500
 77.369
 68.784
 64.591
 78.013
 81.509
 77.095
 78.644
 55.109
 86.745
 81.635
 81.160
 80.568
 78.946
 79.492
 80.060
 77.943
 84.803
 76.399
 79.438
 79.156
 77.191
 77.955
 77.635
 76.478
 78.405
 81.461
 75.796
 80.064
 90.620
 77.957
 73.648
 57.674
 56.787
 69.127
 81.702
 91.069
 76.735
 82.872
 80.231
 77.950
 73.907
 38.967
 79.539
 18.064
 82.752
 73.507
 81.592
 83.016
 87.298
 69.835
 62.668
 48.632
 46.421
 67.358
 69.877
 67.683
 66.647
 73.886
 57.224
 38.086
 73.604
 70.704
 71.530
 68.738
 69.276
 63.732
 68.158
 69.809
 73.501
 56.483
 64.431
 59.231
 62.812
 65.679
 59.674
 76.106
 57.087
 65.682
 59.295
 66.161
 60.172
 45.433
 44.289
 47.924
 59.981
 78.472
 67.938
 73.924
 72.677
 59.794
 37.778
 43.295
 60.964
 20.265
 71.020
 41.794
 71.695
 76.255
 79.163
