 50
 46.269
 46.082
 35.520
 31.320
 47.006
 52.426
 45.696
 47.934
 23.484
 62.064
 52.635
 51.853
 50.898
 48.386
 49.214
 50.094
 46.906
 58.248
 44.729
 49.131
 48.702
 45.831
 46.922
 46.462
 44.838
 47.580
 52.347
 43.911
 50.099
 70.719
 46.926
 41.131
 25.410
 24.729
 35.888
 52.747
 71.825
 45.192
 54.742
 50.362
 46.915
 41.456
 13.764
 49.286
 5.2236
 54.533
 40.956
 52.563
 54.995
 63.210
 36.660
 29.561
 19.139
 17.804
 34.032
 36.706
 34.365
 33.314
 41.429
 25.062
 13.329
 41.076
 37.631
 38.579
 35.471
 36.049
 30.522
 34.858
 36.631
 40.949
 24.499
 31.170
 26.644
 29.689
 32.360
 27.005
 44.330
 24.957
 32.363
 26.695
 32.832
 27.416
 17.229
 16.579
 18.703
 27.257
 47.679
 34.629
 41.477
 39.939
 27.103
 13.178
 16.028
 28.080
 5.9741
 37.991
 15.219
 38.772
 44.532
 48.713
