 50
 46.398
 46.224
 37.110
 33.765
 47.091
 52.487
 45.866
 47.975
 27.700
 63.953
 52.708
 51.888
 50.906
 48.411
 49.220
 50.094
 46.996
 59.057
 44.980
 49.138
 48.718
 45.991
 47.011
 46.579
 45.079
 47.636
 52.405
 44.240
 50.100
 77.704
 47.015
 41.794
 29.183
 28.659
 37.409
 52.827
 79.832
 45.403
 54.990
 50.363
 47.005
 42.075
 19.976
 49.291
 11.738
 54.759
 41.643
 52.633
 55.271
 65.539
 38.039
 32.391
 24.325
 23.270
 35.913
 38.077
 36.179
 35.340
 42.051
 28.915
 19.608
 41.746
 38.838
 39.627
 37.070
 37.540
 33.140
 36.576
 38.015
 41.636
 28.482
 33.647
 30.133
 32.491
 34.584
 30.412
 44.617
 28.835
 34.586
 30.173
 34.957
 30.729
 22.812
 22.290
 23.983
 30.606
 47.731
 36.392
 42.093
 40.773
 30.488
 19.480
 21.845
 31.242
 12.603
 39.137
 21.184
 39.788
 44.801
 48.729
