 50
 38.505
 40.905
 26.326
 21.959
 39.321
 42.808
 37.665
 42.435
 17.092
 48.713
 26.398
 48.532
 46.966
 43.512
 45.518
 47.521
 36.659
 52.632
 38.658
 46.796
 44.994
 37.151
 37.325
 39.752
 35.468
 37.958
 45.177
 31.744
 42.591
 51.615
 44.554
 26.593
 18.918
 17.313
 22.705
 40.903
 55.208
 39.672
 44.523
 42.761
 37.424
 27.257
 12.457
 39.308
 7.1495
 44.155
 28.417
 49.671
 45.628
 53.781
 18.457
 13.368
 6.8872
 6.0923
 6.5135
 11.226
 13.128
 11.832
 21.923
 4.9237
 5.2443
 12.314
 9.1922
 10.875
 14.440
 8.5904
 8.1365
 6.5688
 9.9799
 14.263
 3.6613
 8.4685
 6.0805
 5.5761
 8.4850
 6.8686
 14.803
 7.5802
 7.0128
 4.6356
 9.7155
 9.6912
 5.7114
 4.9248
 6.2885
 10.227
 17.623
 12.712
 19.780
 16.000
 7.7778
 2.9096
 12.296
 8.4683
 5.3536
 8.2880
 3.3182
 10.390
 15.548
 18.363
